pdfbox run in designate
vertexes_recall:  0.9041095890410958
edges_recall:  0.8229508196721311
vertexes_pre:  0.08009708737864078
vertexes_f1:  0.14715719063545152
